====== ZBIORCZE PODSUMOWANIE WYNIKÓW BEMT ======
   V [m/s] |      T [N] |     Q [Nm] |      P [W] |    eta [-] |     CT [-] |     CP [-] |      J [-]
-----------------------------------------------------------------------------------------------
      0.00 |     27.260 |      0.906 |     284.62 |      0.000 |     0.1424 |     0.0595 |     0.0000
      5.00 |     25.364 |      1.037 |     325.73 |      0.389 |     0.1325 |     0.0681 |     0.2000
     10.00 |     21.394 |      1.072 |     336.63 |      0.636 |     0.1118 |     0.0703 |     0.4000
     15.00 |     15.105 |      0.919 |     288.76 |      0.785 |     0.0789 |     0.0603 |     0.6000
     20.00 |      7.487 |      0.568 |     178.46 |      0.839 |     0.0391 |     0.0373 |     0.8000
     25.00 |     -1.505 |     -0.035 |     -11.06 |      0.000 |    -0.0079 |    -0.0023 |     1.0000
     30.00 |     -9.935 |     -0.697 |    -218.98 |      0.000 |    -0.0519 |    -0.0458 |     1.2000
